GenscapePy generated GENEPOP file - GenescapePy__GENEPOP_2014_08_02_14_32_CAPL_ALL_LOCI_Region_Wo_SNPs_AS_NSW.gp_gspy
            07CAPL,08CAPL,13CAPL,14CAPL,16CAPL,18CAPL,19CAPL,27CAPL,31CAPL,33CAPL,35CAPL,47CAPL,48CAPL,50CAPL,52CAPL,57CAPL,58CAPL,60CAPL,63CAPL
POP
20021_CAPL, 149149 124124 198204 139139 224224 427435 184190 264272 265271 416418 295305 230232 144152 150150 140144 223223 182184 245247 155159 
20022_CAPL, 149149 124124 198204 139142 218227 419439 184184 272280 259271 418418 303305 232250 150162 152154 128142 223231 184184 241241 159163 
20024_CAPL, 149149 124124 198201 145145 224227 419451 178184 282292 259275 418418 303303 222256 140162 150150 140142 223227 182184 241241 159163 
20025_CAPL, 149149 121124 198204 139145 224224 431435 184184 276280 261273 418420 299303 222250 142156 154154 140142 225227 184184 243247 159161 
20026_CAPL, 149149 124124 204204 139139 224224 427431 184184 262284 271271 418420 295307 226238 136152 152154 144144 223223 184184 241247 155159 
20027_CAPL, 149149 124124 198201 139145 224227 431435 184184 264274 261275 418418 299299 224232 000000 154154 138140 223225 178182 245245 155159 
20028_CAPL, 149149 124124 204204 139145 224224 423439 184184 272280 271273 418418 303303 224228 138140 150150 140142 223223 176184 241245 155155 
20029_CAPL, 149149 124124 204204 139145 224227 419451 184184 264284 267271 412418 303303 216248 138162 154154 138140 223225 182184 245245 145159 
20030_CAPL, 143149 124124 204204 139145 224224 431451 184184 258298 259279 418418 303303 230250 158162 150154 138140 223231 182184 239247 155159 
20087_CAPL, 149149 124124 201210 139145 224224 419423 184184 272278 259275 416418 303303 230234 138162 150154 138142 223231 182182 241245 155155 
20088_CAPL, 149149 124124 198204 139145 224224 427427 184190 264284 259273 418418 295303 230250 136164 154156 138144 223231 182182 241247 155155 
20089_CAPL, 149149 124127 198201 139145 224227 423431 184190 264282 259271 418422 299299 230236 136140 150156 140142 223233 182184 241241 155163 
20090_CAPL, 149149 121124 204210 139139 224227 423431 178184 266280 263269 418418 303305 218236 142148 154154 142144 223231 180184 241241 155159 
20091_CAPL, 149149 124130 204204 139145 224224 431435 184184 266278 265271 418420 295303 226226 136140 150154 140144 223225 182184 245245 159165 
20093_CAPL, 149149 124124 198204 139139 224227 423427 184184 262288 275281 418420 303303 228228 140154 150154 142144 223231 182184 245247 157161 
20094_CAPL, 149149 124124 195204 139145 224224 427435 178184 262284 255273 416418 295299 222230 140146 150150 138140 225231 182182 241243 155163 
20095_CAPL, 149149 124124 195204 139139 224224 419451 184184 266286 261271 418418 303303 230242 138140 150154 138140 223233 184186 241249 163163 
20096_CAPL, 149152 124124 198204 139145 224224 415423 184184 262280 261277 412418 303303 216226 136172 154154 138142 225225 184184 241241 155161 
20097_CAPL, 146149 118124 198204 139139 227227 427427 184184 262284 271271 000000 301303 222226 138170 150150 138146 223223 176182 241241 159161 
20098_CAPL, 149149 124124 204204 145145 215224 423427 184184 264272 265265 418418 303305 226228 140168 150154 138142 223223 182184 241241 169169 
20101_CAPL, 149149 124127 204207 139142 227227 419423 184184 270276 255287 418418 303303 246262 138170 154154 138140 223231 182184 245245 159171 
20102_CAPL, 149149 124130 201204 139142 224224 431431 184184 256300 261273 416418 000000 216246 136160 150152 140142 225225 178184 243245 169169 
20104_CAPL, 149149 124127 204204 145145 224224 423431 184184 274282 267275 418418 295303 216230 152172 150152 138142 225235 184184 241247 155155 
20105_CAPL, 149149 124124 195201 139142 224224 427451 184184 270278 267275 418418 000000 228230 138164 150150 138142 225235 184186 241247 155159 
20106_CAPL, 149149 124124 204204 139142 224224 439439 184184 262266 261281 412418 303307 216226 136140 152154 142142 223225 184184 241243 159163 
20107_CAPL, 143149 127130 204204 145145 224224 431435 184184 270282 269275 418418 299303 226228 138140 152154 138138 223223 176180 241249 155161 
20108_CAPL, 149149 124124 201204 139145 224224 419431 184184 262286 271271 418418 303303 218230 134140 148152 138144 225231 182184 241245 159159 
20109_CAPL, 149149 127127 201204 139139 224224 435451 184190 280290 259275 418418 295303 226226 140142 150156 136142 223223 182184 241245 155161 
20110_CAPL, 149149 127127 198204 139139 215224 431439 184184 266288 259275 414418 303305 216258 136148 154156 142144 223231 180182 245245 155169 
20111_CAPL, 149149 124124 198204 139139 224227 431447 184190 270282 271275 416418 303305 234246 140144 152154 138142 223231 184184 241245 155161 
20112_CAPL, 149149 124124 198204 139139 224224 439451 184184 276282 259263 416418 000000 220240 136154 150154 142142 225225 180184 245247 155155 
20113_CAPL, 149149 127127 198204 139145 224224 431439 184184 264284 255271 418418 307307 236240 140152 150150 140142 225225 176182 245247 155159 
20114_CAPL, 149149 124127 204204 145145 215227 423451 184184 264268 255259 416418 299303 218236 150164 150152 138138 231231 182182 241241 155155 
20120_CAPL, 149149 124124 198204 139145 224224 419423 184184 278278 259273 416418 301305 226246 156172 150150 140144 225225 184184 243245 155163 
20681_CAPL, 149149 124124 204210 139139 224224 419427 178184 272280 263277 416420 303303 222240 138156 148154 142142 223243 182184 243245 155165 
20682_CAPL, 149149 127127 204204 139139 224224 423451 184190 264290 259277 416418 299303 226234 140140 152154 140142 223225 182184 245245 155155 
20683_CAPL, 149149 124127 201204 145145 224224 423423 184184 284288 259263 418420 303305 218232 136136 150154 138144 223223 182184 241241 163165 
20684_CAPL, 149149 127127 198204 139139 224224 419423 184184 262276 255259 418420 303305 218226 168170 150150 142144 219223 182184 243245 155163 
20685_CAPL, 149149 124127 204204 139142 224224 423447 184184 266284 265273 416420 303307 218240 142160 150152 142142 223223 176184 245245 155159 
20686_CAPL, 149149 127127 204204 139139 224224 431435 184184 292298 273273 418418 303303 222236 136140 150154 140140 219223 182184 241245 155159 
20687_CAPL, 143149 127127 198204 139145 224224 431435 184184 274284 259279 416418 299301 228246 152160 154154 134144 225225 178184 241245 155155 
20689_CAPL, 149149 124124 204204 139145 224224 435451 184184 272284 263273 418418 303303 230230 146162 150154 138142 223223 182184 241245 155155 
20690_CAPL, 149149 124124 204204 139142 224224 419439 184184 274280 259271 416418 301303 222252 140156 148152 142142 223223 180184 241247 159171 
20692_CAPL, 149149 124124 204210 139145 224224 431435 184184 276276 255271 418418 303303 226228 136140 148154 134140 223225 182182 245247 155157 
20693_CAPL, 149149 121124 198204 139145 224227 415431 184184 272276 261273 418418 303303 230232 140160 148150 142142 223231 182184 243245 155161 
20694_CAPL, 149149 124124 204204 139139 224224 423435 184184 272278 273275 420420 303305 228242 152154 148150 142142 225237 184184 245249 155155 
20695_CAPL, 149149 124127 198204 139139 224224 419455 184184 286290 275275 416418 303303 218226 140178 152154 138142 225225 182184 241241 155159 
20696_CAPL, 149149 124124 204204 145145 224224 419423 184190 262274 263271 418418 299299 228228 132146 148152 142144 223233 182184 241243 159163 
20697_CAPL, 149149 127127 204210 139139 224224 423431 184184 268272 259263 416420 303303 222254 156156 148154 136142 231231 176184 243247 155155 
20699_CAPL, 149149 124124 201204 139145 224227 419423 184184 278292 259275 418420 295303 218234 158158 148154 140142 223223 182182 241247 155157 
20700_CAPL, 143149 124124 204204 139139 224224 427431 184184 280280 261271 418420 303303 222226 158172 152154 138144 223233 178180 241243 155155 
20701_CAPL, 143149 124127 204204 139139 224227 415435 184190 262270 259263 418420 303303 232238 140140 154154 142142 223231 178184 245247 155155 
20702_CAPL, 149149 124130 198204 139139 224224 427431 184190 266270 271277 418418 299303 228232 140154 148152 142142 223223 182184 241241 155159 
20703_CAPL, 149152 124124 198204 139139 224224 423423 178184 272282 261279 418418 303305 228228 158160 150150 140142 225231 182184 241245 159159 
20704_CAPL, 149149 124127 204204 139139 224224 435439 184184 292294 271273 419419 303303 248248 140148 154154 142144 223225 182184 241241 155155 
20705_CAPL, 149149 127127 204204 139145 224224 415415 184184 282284 259271 418418 303303 228230 138164 148150 138144 225225 182184 245247 155163 
20706_CAPL, 149149 124124 204204 139145 224224 419435 184184 282284 259273 418418 299305 230246 140162 154154 136142 223223 182182 243245 155159 
20707_CAPL, 149149 124130 201201 139139 224224 435451 184184 264294 255259 418418 299303 226244 136142 148156 138140 219231 184184 245245 155159 
20708_CAPL, 149149 124124 204204 139139 224224 435451 184184 278290 259281 416418 299305 228242 140150 148154 142142 223223 182182 245245 155159 
20709_CAPL, 149149 124124 204204 139145 224224 431431 184184 274284 259263 416418 301307 226228 138150 150154 142148 225231 182184 241245 155171 
20710_CAPL, 143149 124127 198204 139145 224224 419427 184184 276278 259281 418418 303307 228230 140140 154156 138140 223231 182184 241245 155155 
20711_CAPL, 149149 124127 204204 139139 224224 431435 184184 282284 275277 418418 303303 228252 146160 150154 140142 223225 182184 241247 155155 
20713_CAPL, 149149 124124 198204 139145 224224 427431 184184 278284 255265 418418 305307 226244 140142 150154 140140 223223 182184 241243 155169 
20714_CAPL, 143149 124124 198204 145145 224224 415431 178184 270290 259273 418418 303305 228228 136136 150154 138144 225225 184184 243243 155155 
20715_CAPL, 149149 124130 198213 139145 224227 419439 184184 262286 255259 414418 303303 242252 136136 150154 138142 223231 184184 241241 159161 
20716_CAPL, 149149 124127 201204 145145 224224 427443 184184 282298 263273 418420 303305 232232 136160 150156 140142 223223 182184 245247 155163 
20717_CAPL, 149149 124124 204204 139145 224224 427447 184184 280292 271273 418418 299303 226238 144160 150150 138144 225231 184184 245245 155157 
20718_CAPL, 149152 124127 204207 139139 224224 419435 184190 272290 267269 416418 299305 216230 136156 150150 138140 223237 182184 241243 155159 
20719_CAPL, 149149 124124 204210 139139 224224 419443 184184 272284 265271 418418 299303 240240 152162 154154 138144 223223 184184 241243 159169 
20720_CAPL, 149149 121124 204204 139139 224224 439451 184184 288294 261273 418418 303303 218242 136152 154154 140142 223231 184184 241241 155163 
20721_CAPL, 149149 127127 198210 142145 224224 423423 184184 278288 271287 418418 303303 218228 140152 148154 142142 223225 182184 243245 155163 
20722_CAPL, 149149 124124 198204 139139 224224 419451 184184 264280 261271 418418 299303 218222 140162 150150 140140 223225 182184 243247 155161 
20723_CAPL, 149149 124127 204204 139139 218224 415419 184184 262290 279287 418418 303303 220230 152162 148154 138138 223223 182182 241245 155157 
20724_CAPL, 149149 124127 198204 139139 224224 431439 184184 264288 259259 412418 299303 228240 138138 148148 138142 223223 182182 241245 145157 
20725_CAPL, 149149 124127 204204 139145 224224 419427 184190 290292 255263 418420 305307 222238 152160 154154 142144 223225 176182 241243 155159 
20726_CAPL, 149149 124127 198204 145145 224224 419431 184190 278288 271279 418418 303305 230232 148162 148154 142144 223225 182182 241245 155155 
20727_CAPL, 146149 124124 204204 139139 224224 431435 178184 288290 271277 418418 303307 224234 150158 150154 138142 223225 182182 241245 159159 
20728_CAPL, 149149 124124 204207 139139 224224 415427 184184 264290 263279 418418 303303 228236 156170 150150 140148 223231 182182 241245 145157 
20729_CAPL, 149149 124127 204210 139139 224224 423427 184184 282296 271271 418420 303307 222230 136160 152156 136144 233235 182182 241247 155161 
20731_CAPL, 149149 127127 204210 139145 224227 427431 178184 272280 263279 418418 301305 226226 138160 154156 138142 223223 182184 241247 155161 
20732_CAPL, 149149 127136 204204 139145 224224 447447 184184 282302 265271 418420 303303 220232 140162 148148 138142 231233 182184 241245 159159 
20733_CAPL, 149149 124124 198207 139145 224224 423435 184184 272288 259271 416418 303303 226240 136154 150154 142142 223225 182184 241243 155155 
20734_CAPL, 149149 124124 198204 139145 224227 423427 184190 282286 259263 418418 303303 216240 136136 150150 142142 223225 182184 245245 155159 
20735_CAPL, 149152 124124 198201 139145 224224 431435 184184 270284 259283 416418 299303 226232 140152 148150 138142 223225 182182 241241 155159 
20736_CAPL, 143149 124124 198204 139145 224224 431431 184184 272294 271271 418418 299305 228254 138146 150154 142142 223233 182184 243243 155155 
20737_CAPL, 149149 124124 198210 139139 227227 423423 184184 270284 261267 416418 299303 230230 142170 150154 142144 223225 182182 241245 155159 
20738_CAPL, 149149 124124 198204 139142 224224 415439 184190 262292 259259 418418 299307 226226 162162 150154 142146 223231 182184 241247 155155 
20739_CAPL, 149149 124124 204210 139139 224224 419423 178184 272276 271273 418418 303305 224226 146150 150152 138144 221223 182182 245247 155155 
20740_CAPL, 149149 124124 201204 145145 224227 423423 184184 272284 259279 418418 303305 218228 138144 150150 138146 223223 182182 245245 155159 
20741_CAPL, 149149 124124 198204 145145 224224 419435 184184 262286 277281 418418 303307 226244 140142 154154 140142 219231 184184 241241 145161 
20742_CAPL, 149149 124127 201204 139145 224227 431443 184184 270270 259275 418418 299305 224236 136156 150154 138144 223223 182184 245245 155159 
20743_CAPL, 149149 124127 204207 139139 218224 423431 184184 264282 271271 416418 303303 226228 136168 148150 142142 223223 182182 241245 155169 
20744_CAPL, 149149 124124 204204 139139 224224 415435 184184 286288 259271 418420 303307 226230 136150 148152 138142 223229 176184 241245 155159 
20745_CAPL, 149149 124127 198204 139139 224227 419427 184184 256258 275281 418420 299303 220224 142160 150154 138142 223225 178184 241245 155159 
20746_CAPL, 149149 124124 204204 139145 224224 419447 184184 274280 269273 418418 295303 218240 140142 154154 138142 223223 180184 245245 145163 
20747_CAPL, 149149 124127 198204 145145 224224 431431 184184 284296 255259 418420 301303 226228 140152 150154 142142 225231 182184 241241 161169 
20749_CAPL, 149149 124124 204210 139139 224224 423431 184184 262286 271275 418420 303303 226226 136146 150152 138142 223231 176180 241241 155159 
20750_CAPL, 149149 124124 204210 142145 224224 439451 184184 264264 265275 418420 303305 218266 136138 150154 138142 223223 184184 241247 145155 
20752_CAPL, 149149 124127 204210 139145 224227 435439 184184 290294 261271 418418 303305 226230 136140 150154 138138 223231 184184 241243 155157 
20753_CAPL, 149149 124124 204210 145145 224224 415435 184184 266296 255259 418418 299299 226228 136138 154154 142142 223231 182182 241241 155155 
20754_CAPL, 149149 124127 204204 139139 224224 427451 178184 278282 259259 418420 303305 226226 136162 154156 130142 223225 184184 245247 155159 
20755_CAPL, 149149 124124 198204 139139 224224 423427 184184 270278 273273 418418 299303 226228 136160 150150 138142 223231 182184 241247 155163 
20756_CAPL, 149149 124124 204204 139139 224224 427431 184184 272290 263273 418420 295299 226230 136160 150154 140142 223225 182184 241245 155155 
20757_CAPL, 149152 124127 204204 139145 224224 419431 178184 264292 289303 418420 299305 230240 146152 150154 142142 223223 182184 241241 159161 
20758_CAPL, 149149 124124 201204 139142 224224 431435 184184 262296 265279 416418 303303 222232 142160 148152 140142 223225 176182 241247 155163 
20759_CAPL, 149149 121124 198210 139139 224224 423431 184184 272294 271277 418418 303303 220228 136150 150152 142142 223225 182184 241241 155155 
20760_CAPL, 149149 124127 198204 139139 224224 423427 184184 272284 261267 418418 303303 230234 136162 148154 142144 223225 180184 241247 155159 
20761_CAPL, 149149 124124 198204 139145 224224 427427 184184 278290 267271 416420 299305 230232 150152 150154 144144 223223 184184 243247 155155 
20762_CAPL, 149149 124124 204204 139139 224224 419423 184184 266270 261271 418424 299303 218236 140158 150154 140142 219223 180182 243247 159159 
20763_CAPL, 149149 124124 198204 139145 224224 415419 184184 266280 259279 418420 303307 228230 140164 154154 142144 225231 182184 243245 155155 
20764_CAPL, 149149 124124 204204 139139 224227 423447 184184 266280 261273 418418 303303 216224 136138 152154 140142 223225 182184 241247 155157 
20765_CAPL, 149149 118124 201204 139145 224227 427443 184184 262278 271271 418418 295303 222226 146146 150150 138142 223225 180182 243247 155155 
20766_CAPL, 149149 127127 198204 139139 224224 415415 184184 270302 255259 420420 303303 216228 142158 154156 136142 223231 184184 241243 155159 
20767_CAPL, 149149 124127 198204 139145 224227 423431 184184 282294 263271 406416 303303 236242 140142 152154 138144 223231 184184 241245 155155 
20768_CAPL, 149149 124124 198204 139139 218227 435443 184184 272286 259287 414420 303303 218224 160164 148154 138142 223225 182184 245247 145155 
20769_CAPL, 149149 121124 198204 139139 224224 423431 184184 262282 271275 412420 303307 234246 140148 154156 142142 223225 180182 243245 159163 
20770_CAPL, 149149 124127 198198 139139 224224 427447 184184 266278 263265 412418 295307 232238 150164 148150 142146 223223 182184 243245 155157 
20771_CAPL, 149149 124124 198204 139139 224224 431435 184184 278284 263273 418418 295299 224238 140154 148154 142144 225225 182184 243247 157161 
20772_CAPL, 143149 124127 204204 139145 224224 427435 184184 262284 261269 416418 303303 220248 140150 154154 138140 223225 182184 241245 159163 
20773_CAPL, 149149 124124 198204 139139 224224 423439 184184 272282 255273 414418 305307 230236 140152 150156 138142 223225 182184 247247 155155 
20774_CAPL, 149149 124127 198204 139142 224224 423431 184184 264276 259271 418420 299299 228260 162162 148148 138142 225231 182182 241247 155155 
20775_CAPL, 149149 124130 204204 139139 224227 423439 184184 280298 255275 418418 295299 228230 136152 148154 142144 223223 182182 241247 155155 
20776_CAPL, 149149 124124 198201 139139 224227 419431 184184 266282 273293 418418 303303 216236 140160 150154 138140 223223 182184 241245 145163 
20777_CAPL, 149149 124124 198204 139142 224224 419419 184184 282284 267283 418418 303303 232242 138154 148150 138142 223225 182184 241245 155157 
20778_CAPL, 149149 121130 204204 139145 224224 431435 184184 266292 275277 418420 295305 226234 150154 150152 142146 217223 182184 241247 155171 
20779_CAPL, 149149 124124 204204 139142 215227 415431 184184 266294 271289 418418 301305 226228 136162 150154 140140 225225 184184 241247 155155 
20780_CAPL, 143149 124124 204204 139145 224224 423435 184184 286292 263275 418418 303303 228230 136162 150150 138144 223225 182182 241245 155159 
20781_CAPL, 149149 124127 201204 139139 224224 431439 184184 262282 273277 418418 303303 232240 150170 150154 138142 223225 182184 241241 155169 
20782_CAPL, 143149 127127 204204 139145 224224 423435 184184 286290 259275 416418 299303 242242 156160 150154 142146 223223 182182 243247 155159 
20783_CAPL, 149149 124127 201204 142145 224224 431435 184184 290290 263277 418418 303303 230230 140160 148154 142142 223223 182182 241243 155155 
20784_CAPL, 149149 118127 204207 139145 224224 415427 184184 256280 265273 418420 299305 226242 140168 150156 138142 223225 182182 241245 155157 
20785_CAPL, 149149 124130 198204 139139 224227 419423 184184 270298 267275 418418 303303 226234 140156 148154 142142 223225 182184 241243 155163 
20786_CAPL, 149149 124127 204204 139139 224227 423423 184190 290296 259273 418418 303303 226234 138146 148150 138142 223225 184184 241247 155171 
20787_CAPL, 143149 127127 204204 139145 224224 431447 184184 264296 255271 416418 303303 226256 150152 148154 142144 223225 184184 241241 159163 
20788_CAPL, 149149 124127 204210 139139 224227 431431 184184 274294 273275 416420 303305 226232 140148 150154 140142 223235 184184 245247 155155 
20789_CAPL, 149149 124124 204210 139139 224224 431431 184184 280290 261273 416418 299303 216236 148158 150150 142142 225225 182182 241245 159169 
20790_CAPL, 149149 124130 204204 139142 224224 431435 184184 262264 255259 412416 303303 216236 136166 154156 140142 223225 182184 241245 155163 
20791_CAPL, 149149 124127 198204 139145 224224 415415 184184 264280 255273 416418 303303 226236 136138 150150 142142 223231 182184 245247 145155 
20792_CAPL, 149149 127127 201204 139145 224227 419431 184184 266288 259273 416418 305305 216224 140170 148154 142144 223233 182184 241245 155155 
20793_CAPL, 149149 124124 198204 139139 224227 423431 184184 278290 259275 418418 303305 216242 138166 150154 142142 223225 184184 241241 155155 
20794_CAPL, 149149 124127 204204 139145 218224 423451 184184 264292 273273 414420 299303 220238 162166 154156 136140 223233 184184 241245 155155 
20795_CAPL, 149149 124124 204204 139139 224224 415423 184184 284292 259261 418420 299303 230232 162162 150154 142142 223223 184184 239245 155159 
20796_CAPL, 149149 124124 198198 139139 224224 411427 184184 272296 255271 418420 305307 218228 156166 148154 140142 223225 180180 245245 155155 
20797_CAPL, 149152 124124 204204 142145 224224 427431 184184 272284 259275 416418 305307 218240 142162 148154 138144 223231 176182 241245 145155 
20798_CAPL, 149149 124127 198204 139145 227227 415427 184190 262296 267273 416418 303303 238244 132140 150150 138142 223231 182184 239241 155155 
20799_CAPL, 149149 124124 198204 139139 224224 427431 184184 282284 259263 420420 303305 216236 160170 150154 142144 223225 182184 241247 155155 
20800_CAPL, 149149 124124 204204 139142 224224 435447 184184 264292 259273 418420 299303 216226 154166 150154 138142 223225 176184 241247 157159 
20801_CAPL, 149152 124127 204204 139142 224227 427451 184184 264270 273275 418418 295303 222222 160162 154154 140144 223225 182182 241245 155155 
20802_CAPL, 149149 124124 198204 139142 224224 411435 184184 262266 259273 416418 303303 218230 136152 150154 142142 225225 178184 245247 155163 
20803_CAPL, 149149 124124 198204 139142 224224 435439 184184 272284 259265 418418 303303 222228 138168 154154 138140 223231 182184 241243 155159 
20804_CAPL, 143149 124127 198210 139145 224224 419423 184184 286296 259265 418418 303303 228230 136146 150152 142144 223223 184184 241243 155159 
20805_CAPL, 149149 124124 204204 145145 224224 431451 184184 266294 271275 416418 303303 228228 136166 154154 138142 223223 182184 241245 159159 
20806_CAPL, 149149 124124 204204 139139 224224 431431 184184 270272 271275 416418 295303 224234 140168 150154 140140 223225 182184 241243 155163 
20807_CAPL, 149149 118121 198204 139142 224224 423423 184190 262278 255263 418420 303303 218238 138158 150154 136138 223223 176184 247247 155155 
20808_CAPL, 149149 124124 204207 139145 224224 435443 184190 274286 265271 418418 303303 226254 152162 148148 138142 223233 176184 243245 159163 
20809_CAPL, 149149 124136 204204 139139 224224 419447 184184 264284 255267 416416 295303 250268 160166 148148 142144 225231 184184 241241 155161 
20810_CAPL, 149152 124127 204204 142142 224224 435435 178184 262284 261275 416416 299303 218226 142148 148156 142146 223223 184184 241247 155159 
20811_CAPL, 149152 124124 204204 139139 224227 427431 184184 268292 259259 418418 303307 218232 138170 154156 138138 225227 182184 241243 155161 
20812_CAPL, 149149 124124 204204 139145 224224 431439 184190 262278 255271 418418 295303 228234 132170 148154 140140 225231 182184 245245 155165 
20813_CAPL, 149149 124124 204204 139145 224224 435447 184184 278290 265277 416418 303303 218222 138152 150150 136136 229231 182184 241245 145161 
20814_CAPL, 149149 124124 198201 139145 224227 439439 184184 266288 267283 416418 303305 226238 140158 154156 144144 223225 182182 245247 159163 
20815_CAPL, 149149 124124 204204 139139 224224 415431 184184 264274 255271 416418 303305 226226 136162 150150 142144 223223 184184 243245 155165 
20816_CAPL, 149149 124124 204204 139145 224224 423451 178184 272286 263265 416418 303303 216264 140150 150152 138142 223223 182184 241245 155155 
20817_CAPL, 149149 124124 204204 139145 224224 435443 184184 264276 259271 418418 299303 228234 136154 152156 140142 223225 180184 241245 155159 
20818_CAPL, 149152 124124 198204 145145 224224 439439 184184 270284 255271 416420 299305 230230 136138 150152 142144 225235 182184 245247 155161 
20819_CAPL, 149149 124124 201204 145145 224224 423423 184184 266288 273277 418418 303303 218226 136146 150156 140142 223225 182184 241245 155165 
20820_CAPL, 149149 124124 201204 139139 224224 431435 184184 286296 261277 418418 299303 216232 156160 150154 138142 225225 182182 241247 155155 
20821_CAPL, 149152 124124 198204 139139 224224 423431 184184 266294 255259 416418 303303 226238 136146 150150 144144 223231 182184 243245 155171 
20822_CAPL, 149149 124127 204210 139145 224224 423447 184184 262266 255259 418418 303303 228254 136156 150152 140142 223233 182184 241247 155159 
20823_CAPL, 149149 124127 204210 139145 224224 411431 184184 266282 273275 418420 305305 228244 140166 150156 140142 223225 182184 243245 155165 
20824_CAPL, 149149 124124 204204 145148 224224 435435 184184 282290 271273 418420 303303 216256 152164 148156 138144 223225 184184 241245 145159 
20825_CAPL, 149149 124124 204204 139145 224227 415419 184184 266272 259275 418418 303303 228242 136140 150154 142144 223225 180182 241247 155163 
20826_CAPL, 149149 124124 201204 139142 224227 419439 184184 266294 259271 416418 303305 228236 140156 148154 142142 223223 182182 241245 159159 
20827_CAPL, 143149 124124 198204 139139 224224 431431 184184 272292 261271 420420 295305 228234 152160 148150 142142 223223 182184 241247 159159 
20858_CAPL, 149149 127127 198204 139139 224224 423443 184184 266296 271275 416418 295303 226228 136158 150154 142142 223235 182184 245245 155159 
20859_CAPL, 149149 124127 204210 142145 224227 419439 184184 278298 259259 418424 303307 230254 140148 152154 142144 225225 182184 241247 155163 
20860_CAPL, 149149 124124 204210 139139 224224 423435 178184 262294 259259 412418 303303 226230 138140 150152 138144 223225 182184 241249 159159 
20861_CAPL, 149149 127136 204204 139142 224224 431443 184184 264266 275281 418418 295299 228248 138140 150154 142144 223223 182182 241245 155159 
20862_CAPL, 143149 124130 204204 139145 224224 427435 184184 264292 259259 416418 299303 226230 140162 150154 142142 223223 182184 241245 155155 
20863_CAPL, 146149 124124 204204 142145 224224 427439 184184 266280 271279 418420 299303 216216 138158 150154 142142 223225 184184 241245 155159 
20865_CAPL, 149149 124124 204204 142145 224224 431435 184184 280284 255285 418418 303303 226230 140156 150154 136142 223223 184184 241247 159159 
20866_CAPL, 149149 124124 204207 145145 224224 423435 184184 264288 255271 418420 303303 218238 136136 152154 142142 223231 182184 241241 159161 
20867_CAPL, 149149 124124 204204 139142 224224 423431 184184 276284 255261 418420 299303 224228 138150 150152 138140 223223 182184 241241 159159 
20868_CAPL, 149149 124124 198204 139145 224224 431443 184184 262268 259275 418418 299303 216230 140164 150154 138142 223223 182184 241245 155157 
20869_CAPL, 149149 124127 198204 142145 224227 419431 184184 256266 255259 418420 299303 238256 158162 148150 144144 223225 182182 241241 155155 
20870_CAPL, 149149 124124 204204 139142 224227 431443 184184 264276 267273 418418 303303 226228 152170 148154 138138 223225 180182 241247 155159 
20871_CAPL, 149149 124127 204204 139145 224224 431435 175184 278290 261275 418418 303303 218264 138140 150154 142144 223225 184184 241247 145155 
20872_CAPL, 149149 124127 204204 139142 224224 419431 184190 272272 255285 418420 295303 234234 146170 154156 140142 223223 182182 247247 159161 
20873_CAPL, 149149 124124 201204 139145 224224 419439 184184 268272 259271 418418 299303 216244 136138 150154 138144 223223 182184 245245 155159 
20874_CAPL, 149149 124124 204204 139139 224224 435439 184190 276304 269273 418418 303307 216228 136136 148148 140146 223233 182182 241241 155163 
20875_CAPL, 149149 124127 204210 139139 224224 419443 184190 262272 255259 416418 299307 218242 162162 152156 138138 225233 176184 245245 155159 
20876_CAPL, 149149 124124 204204 139145 224224 419447 184184 262284 259263 418418 303303 216232 140166 150154 142144 223225 182182 241245 155161 
20877_CAPL, 149149 124127 198204 139139 224224 427451 184184 272288 259265 418420 299303 232236 140146 148152 138146 225235 178184 241245 155159 
20878_CAPL, 149149 124124 204210 139145 224224 427431 184184 294294 279279 418418 303305 224226 152162 150154 142142 225231 182184 241247 155159 
20879_CAPL, 149149 124124 198204 139145 224227 415427 184184 262266 259273 418418 303303 228240 142164 150154 142144 223223 176184 243245 155155 
20880_CAPL, 149149 124124 204204 145145 224224 419423 184184 266284 271273 420420 303307 228242 138138 148152 140142 225229 176184 241245 159161 
20881_CAPL, 149149 127127 198204 139145 215224 415435 184184 278284 275275 418420 299303 230230 138152 150152 138142 223223 182184 241245 155155 
20882_CAPL, 149149 124130 198204 139139 224224 423431 184190 266294 273275 418418 303305 228230 148156 148156 138138 223223 184184 241241 155159 
20883_CAPL, 149149 124127 204207 139139 224224 451451 184184 262262 271275 416416 303303 236246 158188 148154 138144 223223 182184 241243 155155 
20884_CAPL, 149149 124127 204204 139145 224224 427431 184184 272290 259279 418418 303303 226256 136140 150154 142144 223223 182182 245245 155155 
20885_CAPL, 149149 124127 204204 139145 224224 419447 184184 284284 271285 416418 303303 228228 156168 154156 138142 223233 178182 241245 163169 
20886_CAPL, 149149 124127 198204 139142 224224 427435 184184 270290 255271 416422 301303 228236 140152 154154 138142 223225 182184 241245 145159 
20887_CAPL, 149149 124124 204204 139142 224224 427443 178184 272292 259271 418420 303303 218226 140152 150154 144144 223223 184184 243243 155155 
20908_CAPL, 149149 124124 204204 139145 224224 423423 184184 290300 259259 418418 303307 222230 144166 148154 144144 225231 184184 245245 155165 
20909_CAPL, 149149 124127 204204 145145 224224 431435 184184 266270 259263 416418 303303 228256 138140 150154 142142 223223 182184 241241 161169 
20910_CAPL, 149149 124124 198204 139139 224224 431455 184184 266270 259279 418420 303305 234256 158160 150150 140144 223233 182182 241249 159163 
20911_CAPL, 149149 124127 204210 139145 224227 431439 184184 262270 261263 418418 303303 228232 136148 150154 138142 231235 184184 241245 163165 
20912_CAPL, 149149 121124 198198 139145 224224 427427 184184 266286 261265 418418 303305 218230 136160 148154 138144 223225 184184 241247 155159 
20913_CAPL, 149149 124124 204204 139145 224224 415427 184184 264282 271279 416416 303303 230240 146158 150156 140140 223225 182184 241245 157159 
20914_CAPL, 149149 121127 204204 139142 218224 427431 184190 262276 271279 418418 299303 218226 136136 150154 140142 235235 184184 241243 145159 
20915_CAPL, 149149 124124 204204 139145 224227 435439 184184 264270 255263 418418 303307 226230 140170 148148 142142 223225 182182 245247 155155 
20916_CAPL, 149152 124124 201204 139139 224224 427435 184184 264288 267313 418420 295303 230230 136152 150152 140142 223223 182184 241241 155159 
20917_CAPL, 149149 124127 201204 139139 224224 431435 184190 266272 263275 418418 295303 216244 138140 154154 138142 223227 182182 245247 155155 
20918_CAPL, 149149 124127 198204 139145 224224 439443 184184 272272 271275 416418 301301 222234 136156 150154 142144 231231 182184 241249 155159 
20919_CAPL, 149152 124124 204210 139139 224227 431435 184184 272298 265275 418418 303303 226230 138154 148152 138144 225231 178182 243243 155155 
20920_CAPL, 149149 124127 204204 139139 224227 423439 178184 266270 265271 418418 303307 226230 136140 150152 138140 223225 176182 245247 155159 
20921_CAPL, 149149 124127 204204 139145 224224 415419 175190 272280 273277 418418 295303 218226 134160 150152 134138 223225 182182 241245 159165 
20922_CAPL, 149149 127127 204204 145145 224224 419427 184190 272298 265279 418418 303305 226234 136138 150150 138144 223225 184184 245247 155159 
20923_CAPL, 149149 124124 198204 139139 224227 427451 184184 274278 265271 414418 299303 232242 142156 152154 136144 223223 182184 241241 155159 
20924_CAPL, 149149 124127 198198 139145 224227 443447 184184 274290 259263 418418 299303 216226 138140 150154 136142 223225 184184 241245 159163 
20925_CAPL, 149149 124127 201204 139142 224227 423431 184184 264290 259261 418418 303303 222226 136138 150150 138142 223231 182184 241247 155155 
20926_CAPL, 149149 124127 204204 139145 224224 423423 184184 264278 261271 416418 303307 212218 136146 150150 138138 223233 178178 243247 159165 
20927_CAPL, 149149 121124 198198 139145 224224 419427 184184 278304 259263 418420 299303 228228 146156 150154 142144 231233 182184 245249 155171 
20928_CAPL, 149149 124127 198210 142145 224224 419435 184190 270284 263271 418418 303307 216250 140154 148154 138138 223223 182184 241241 155155 
20929_CAPL, 149149 127127 204204 139139 224224 419423 184184 286286 267281 418418 303303 222236 160176 148150 140142 223225 182182 241243 155159 
20930_CAPL, 149152 124127 204207 139142 224224 419431 184184 272296 259263 418420 299305 222228 142148 150154 138142 223223 178182 241247 157159 
20931_CAPL, 149149 124124 204204 139139 224224 419431 184184 266280 259265 418418 303303 228228 152156 150154 138138 223223 184184 241241 155159 
20932_CAPL, 149149 124130 198204 139142 224224 419435 184184 274290 273281 418420 303305 226230 160170 150150 138144 217223 182184 245245 155155 
20933_CAPL, 149149 124124 198204 139139 224224 431435 184184 274274 271275 418418 303305 218232 152166 150154 140144 223225 184184 245245 155155 
20934_CAPL, 149149 124124 204204 139145 224227 423423 184184 278292 255271 416420 303303 228232 136138 000000 142144 223225 182184 241245 155163 
20935_CAPL, 149149 124127 204204 139145 224224 439439 184184 266296 259259 416416 303305 218232 136140 148150 142142 225231 180184 241245 155155 
20936_CAPL, 149149 124127 198204 145145 224224 423451 184184 262296 261271 418426 303305 218230 140158 148150 142144 225231 180182 241247 159161 
20937_CAPL, 149149 124124 204204 139139 224224 423431 184184 274284 259259 418418 303305 222228 136160 150154 140142 223223 182184 245245 159163 
20938_CAPL, 149149 127127 198204 139142 224224 423435 184184 280286 261271 416420 303305 222240 152160 154156 142144 223223 182182 241245 163163 
20939_CAPL, 149149 121127 204204 142145 224224 423443 184184 278286 271273 418420 303303 226228 138140 150150 142142 225225 184184 241245 155155 
20940_CAPL, 149149 127130 198198 139139 224224 423431 184184 274276 259271 418420 299303 230238 136160 148150 138140 221231 184184 241241 159163 
20941_CAPL, 149149 124127 204204 139139 224224 427447 184184 274282 263271 418418 303307 230232 156164 154154 142144 223223 182184 241245 155161 
20942_CAPL, 149149 124124 204204 139142 224224 419443 184184 268278 273281 416418 303307 228240 136162 148150 142142 229233 180184 241247 157159 
20943_CAPL, 149149 124127 204204 139139 224224 431435 184184 276296 259261 416420 303303 218240 148160 150152 140144 223225 182182 241245 155159 
20944_CAPL, 149149 124127 204204 139139 224224 427439 184184 272296 259271 416420 299303 248256 140172 150154 138140 223223 182182 245245 159161 
20945_CAPL, 143149 124127 204204 139139 224227 415447 184184 282284 255271 418418 303307 216238 136144 150154 142142 223225 184184 245245 155159 
20946_CAPL, 149149 124124 204204 142145 224227 435451 184190 264274 263269 418420 299307 230248 146146 154154 138144 223223 182184 245245 159159 
20947_CAPL, 143149 127127 204204 139139 224227 431447 178184 256288 259261 418418 303305 228230 144162 150154 140144 223223 182182 241245 155155 
20948_CAPL, 149149 124127 204204 142145 224224 427439 184184 274280 271271 412416 303303 216238 140162 150150 142144 223231 182182 245245 155155 
20949_CAPL, 149149 124124 204204 139139 224224 419431 184184 266284 263277 418418 303305 218232 136148 148154 142142 225225 182184 239241 145155 
20950_CAPL, 149149 118124 198204 139139 224227 419423 184190 272294 259273 418418 303305 228230 140158 148154 138140 225225 182184 241245 155155 
20951_CAPL, 149149 124124 204204 139145 224227 423435 184184 262272 255273 416418 299303 226232 136162 150154 138138 225231 184184 241245 155161 
20952_CAPL, 149149 124124 198204 139145 224224 419423 184184 258278 259265 418420 299303 232238 152158 150150 134142 223225 184184 243247 155159 
20953_CAPL, 149149 124124 201204 139139 224224 419431 184184 256278 265273 416420 301303 218226 138140 152154 138144 223235 182184 245245 155157 
20954_CAPL, 149149 124124 198210 139145 224224 423427 184184 274290 255259 416416 299303 222226 140146 154154 136140 225225 182184 245245 155155 
20955_CAPL, 143149 124124 201204 139139 224224 415419 184184 288296 259271 418418 299303 226228 152152 150150 138142 223231 182182 241247 155159 
20956_CAPL, 149149 121127 204204 139139 224224 423439 184184 264276 271277 418420 303305 218226 138138 150152 142146 225231 180182 241241 155161 
20957_CAPL, 149149 124124 204210 139139 224224 415435 184184 268292 261271 418418 303303 226236 140140 148150 140144 223235 182184 245245 155157 
20958_CAPL, 149149 124124 198198 139145 224227 427431 184184 264268 259267 418418 303305 218228 144156 150152 142144 223233 182184 243245 155159 
20959_CAPL, 149149 124124 198201 139145 224224 427435 184184 264288 267275 418418 299303 218236 146156 150150 140142 223223 182184 241245 159165 
20960_CAPL, 149149 124124 201204 142145 224224 423431 184184 290296 261273 418418 303303 224230 136152 150156 140140 223225 182182 245245 155159 
20961_CAPL, 149149 127127 204204 139145 224224 431435 184184 266294 255261 418418 295307 224258 138162 150156 138140 223225 180182 241245 155155 
20962_CAPL, 149149 124124 198201 139139 224224 423431 184190 264284 267275 416418 299305 242252 136140 148154 138140 223223 182184 241245 159165 
20963_CAPL, 149149 124127 204204 139145 227227 423431 184184 262296 259265 420420 303303 226228 140162 154154 138142 223231 182184 241247 161163 
20964_CAPL, 149149 124127 198201 139139 224224 447451 184184 270272 269275 418420 303303 218232 142154 150154 142142 223223 182184 241243 155161 
20965_CAPL, 149149 124127 204204 139145 224224 423431 184184 274294 259265 418420 303303 218242 138146 150150 142142 223223 184184 241241 145159 
20966_CAPL, 149149 124127 204210 139145 224224 419447 184184 280298 259273 418418 303305 226238 136144 150154 138142 225231 182182 241243 155169 
20967_CAPL, 149149 124124 204204 139139 224224 415423 184184 266294 263271 410416 299303 226234 136166 148154 142144 223223 182182 245247 155159 
20968_CAPL, 149149 124124 204204 139139 224224 423443 184184 262266 261263 418418 303305 216236 136162 154154 140142 227231 182184 241241 145155 
20969_CAPL, 149149 124124 198204 139139 224224 415423 184184 266294 255263 416418 305307 216216 150162 150154 140144 223225 184184 243245 155155 
20970_CAPL, 143149 124127 204204 139145 224227 431439 184184 272274 259263 418420 303303 226226 140152 150154 142144 223231 182184 241241 155159 
20971_CAPL, 149152 124127 198198 139139 224224 415423 184184 292296 255293 418418 303305 232232 140140 150154 142144 223225 182184 245245 155155 
20972_CAPL, 149149 124124 198204 142145 224224 435451 184184 272290 263271 418420 303303 216218 138154 150154 140142 223235 178184 241245 159163 
20973_CAPL, 149149 124127 204204 139139 224224 415435 184184 266276 271275 420420 303303 212228 150160 148154 140140 223225 182182 241241 155163 
20975_CAPL, 149149 127127 198204 145145 224224 423435 184184 262272 259265 418420 303305 226230 136160 148150 142144 223225 182184 241243 159161 
20976_CAPL, 149149 124124 204204 139139 224224 419455 184184 274284 265271 418418 303305 218228 140160 152154 142144 223231 178182 241245 145159 
20977_CAPL, 149149 124127 198204 139139 224224 435443 184184 262294 259275 416418 299303 224246 140152 154154 140144 223223 182182 245247 155155 
20978_CAPL, 149149 124127 198204 145145 224224 419443 184184 286292 255267 418418 303303 216226 136138 148156 138142 231235 182184 245249 155159 
20979_CAPL, 149149 124136 198204 139145 224224 439451 184184 282288 259275 416418 303303 224252 160160 150154 138140 225229 182184 231241 155163 
20980_CAPL, 149149 124130 204207 139142 224227 427435 184190 000000 271273 418418 303303 224228 140142 156156 142144 223233 182184 241241 155161 
20981_CAPL, 149149 127127 198204 139145 224227 427439 184184 272292 259273 416420 299305 232242 162172 150154 142142 225233 184184 245245 155163 
20982_CAPL, 149149 124124 204204 139145 224224 415415 184184 272284 255269 416418 299303 218230 136140 150154 138144 223225 182182 241247 159163 
20983_CAPL, 149149 124127 204204 139145 224227 423431 184184 280294 267275 418420 301303 226242 146158 150154 138144 223231 178184 241245 155159 
20984_CAPL, 149149 124127 201204 139142 224224 431431 184184 266292 261279 418418 303303 216268 140140 150154 140142 225225 182182 241241 155161 
20985_CAPL, 149149 124130 204204 139139 224227 431431 184190 274280 263273 418418 303303 228242 140162 154154 138142 223223 182182 243245 155163 
20986_CAPL, 149149 124124 198198 139145 224224 419439 184184 282290 255273 416418 303307 228228 136140 148154 136144 223225 180182 243247 155159 
20987_CAPL, 149149 124124 204204 139145 224224 423431 178184 282292 271273 418420 299303 222250 150158 148154 142142 223223 180182 243245 145155 
20988_CAPL, 149149 121124 198201 139139 224224 427439 184184 266288 275281 416418 299303 226240 140146 154156 142144 223225 176180 241243 155159 
20989_CAPL, 149149 124124 198204 139139 224224 423439 184184 280300 255259 418420 303307 216250 138158 150154 138144 223231 182182 241245 159159 
20990_CAPL, 149149 124124 198210 139139 224224 423443 184184 266288 271273 418418 303303 222222 154158 150152 142142 231231 182182 245245 155169 
20991_CAPL, 149149 124124 198204 139145 224224 419423 184184 280294 259261 418418 299301 216222 140140 148152 138142 223223 182184 241245 159159 
20993_CAPL, 149149 124124 204204 139139 224224 419427 184190 264270 275275 418420 303303 216230 138156 148154 138142 225225 182184 245247 159159 
20994_CAPL, 149149 124127 204210 139145 224224 427427 184184 280282 255273 418418 305307 220226 136156 150154 138140 233233 182184 241245 155169 
20995_CAPL, 143149 124124 201204 139145 224227 419423 184184 274278 271277 418418 299307 226230 138156 152154 142144 223225 176184 241247 155159 
20996_CAPL, 149149 124124 198207 139145 224224 427447 184184 262290 273273 418420 295305 230230 152164 150150 142144 223223 176184 241245 155159 
20997_CAPL, 149149 127139 198204 142145 224224 415423 184184 272286 259275 418418 303303 218240 132152 150156 140142 223233 184184 243247 159159 
20998_CAPL, 149149 127127 198204 145145 224224 431431 184184 292298 259259 416418 303307 226260 146150 150154 138142 223229 182184 245245 155159 
20999_CAPL, 149149 124127 204204 139142 224224 419427 184184 268288 281293 418418 303305 238262 142162 150150 138142 223225 180184 245245 155161 
21000_CAPL, 149149 124124 201204 139139 227227 423427 184184 282286 259275 414416 301303 218226 138166 150152 136144 223223 184184 245247 155161 
21001_CAPL, 149149 124127 198204 139139 224224 431431 184184 258280 259271 418418 303303 228230 136140 150154 140142 223223 182182 241245 159163 
21002_CAPL, 149149 124124 198198 139139 218224 427439 178184 294296 255259 414418 303305 216228 138140 150156 140142 225231 176182 245245 155155 
21003_CAPL, 149149 127130 198204 139139 224224 415435 184184 268280 261275 416418 303307 218240 140164 148154 138142 223225 182182 245247 155159 
21004_CAPL, 149149 124124 204207 139145 224227 423431 184184 266284 265273 418418 303303 220230 140162 150154 138142 223231 182184 241241 155155 
21005_CAPL, 149149 124124 198201 139139 224227 443447 184184 274290 261263 418418 299303 230236 138138 152154 138142 223223 182182 241245 155159 
21006_CAPL, 149149 124124 198204 139142 224224 415419 184190 282284 255259 418418 299303 222222 136152 148154 142142 223223 182184 241243 155159 
21007_CAPL, 149149 124136 204204 139139 224224 427443 184184 272288 275287 416418 299307 254254 136158 148150 140142 223225 182184 241245 155155 
21008_CAPL, 149149 127127 204210 145145 224227 423431 184184 262282 259265 416418 303305 224250 144148 150154 142144 231231 184184 241243 155161 
21009_CAPL, 149149 124124 201204 139145 224224 419419 184184 266282 265273 418420 303303 226230 138150 148148 138148 223225 180182 241243 155155 
21010_CAPL, 149149 124127 204210 139145 224224 427431 184184 290302 271271 418424 303307 234236 140152 150152 140142 223225 184184 241245 155159 
21011_CAPL, 149149 124124 204204 139139 224227 423431 184184 278278 267273 416416 295305 226246 148152 150154 138144 223225 182182 241245 155155 
21012_CAPL, 149149 124124 204204 139145 224224 419447 184184 288292 261275 416418 305305 216230 138156 148154 140142 223225 176182 241241 155155 
21013_CAPL, 149149 127127 204204 142145 224224 431443 184184 262280 271275 414416 303303 230230 136160 150156 138142 225225 182184 241245 155155 
21014_CAPL, 149149 124127 198204 142145 224227 427431 184184 262280 259269 416418 303305 226234 138144 152154 138144 223225 182184 241243 155157 
21015_CAPL, 149149 124124 204204 139145 224224 419443 184184 270284 259275 416418 295305 218232 156162 148156 138142 223235 182182 243245 155155 
21016_CAPL, 149149 124127 201204 142145 224227 419431 184184 266280 271281 416416 299303 226226 136138 150152 138144 223223 180184 241243 155159 
21017_CAPL, 149149 124124 204204 139145 224224 431439 184184 270272 261263 418420 303305 216228 138140 152154 142142 223231 182184 241247 159159 
21018_CAPL, 143149 124124 204204 139139 224224 423431 184184 282290 271277 416416 303305 216224 136140 150154 142142 223223 182184 241245 155155 
21019_CAPL, 149152 124124 198210 139139 224224 431439 178184 266290 259275 418420 303303 216232 138140 150154 140144 231231 178182 241245 155159 
21020_CAPL, 149149 124127 204204 139145 224224 423435 184184 282298 263265 416418 303307 218226 136142 150154 140142 223235 182182 241241 155155 
21021_CAPL, 149149 118124 204207 139139 224224 427431 184190 266270 263267 418420 299299 232236 138142 148150 142142 223223 182184 241247 155159 
21022_CAPL, 149149 127130 195204 139139 224224 431435 184184 266282 263281 418420 303303 216246 140162 154154 142142 225233 182184 245245 155155 
21023_CAPL, 149149 124124 204204 139145 224224 419435 184184 274292 265281 418420 303303 218246 136158 150150 142142 223223 182184 241249 155155 
21024_CAPL, 149149 124124 204204 139139 224224 423427 184184 274278 265271 420420 303303 226228 138154 148148 138142 231231 180184 241245 155155 
21025_CAPL, 149149 124133 198204 139145 224224 427427 184184 272284 271275 416418 303303 218258 138150 148150 138140 223225 182184 241245 155155 
21026_CAPL, 149149 121124 198204 139145 224227 427447 178184 264266 273275 420420 303303 218232 152156 148154 140146 223223 182184 241241 155155 
21027_CAPL, 149149 124127 201204 139142 224224 415419 184184 280280 259281 418418 303303 228236 136146 148150 140144 225231 184184 245245 155159 
21028_CAPL, 149149 118124 201204 139145 224224 419431 184184 256258 263281 418420 303303 230260 136156 150150 142142 223223 182184 241245 155155 
21029_CAPL, 149149 124124 201210 145145 224224 427431 184184 264272 261273 420422 303303 230230 138152 148154 142146 223223 182184 241247 155159 
21030_CAPL, 149149 124127 204204 139139 227227 419439 184184 290296 267277 418420 295299 224228 136160 150150 138138 223223 180184 241247 159163 
21031_CAPL, 149149 124127 204210 139142 224224 423427 184184 272274 265271 418418 303305 228254 162164 154156 142142 223235 176182 241245 155159 
21032_CAPL, 149149 124127 204204 139139 224224 431439 184184 282290 259289 418418 299303 226244 138148 150150 142142 223231 182184 247249 155161 
21033_CAPL, 149149 124127 204204 139139 224224 423431 184184 278284 271281 418420 303305 238256 138162 154154 142144 223231 176182 241245 155165 
21034_CAPL, 149149 124124 204204 139139 224224 427427 184184 262284 259271 418420 303305 226238 136172 150150 138142 225225 182182 245247 155155 
21035_CAPL, 149149 124127 201210 139145 224224 431431 184184 272280 261275 418418 303305 226250 136164 154154 138140 223225 182184 241247 155159 
21036_CAPL, 149149 124127 198204 139139 224227 431435 184184 280284 265275 418418 305307 218226 152160 148152 138142 223223 176184 241245 155159 
21037_CAPL, 149149 124127 204207 139145 224224 427447 178184 262272 263271 420422 295303 218230 138152 148150 142144 225231 176184 245245 157163 
21038_CAPL, 149149 124127 198204 139139 224224 427439 184184 270292 263281 418418 303307 218232 140140 154154 142142 223231 182184 241241 155155 
21039_CAPL, 149149 124124 201204 139139 224224 419435 184184 292292 271273 418418 303303 226226 140140 150154 142142 225225 178184 241249 155155 
21040_CAPL, 149149 124124 204204 145145 224224 415419 184190 280286 263283 416416 299303 234234 134162 150154 142146 223225 182182 245245 155159 
21041_CAPL, 149149 124124 198204 139142 224224 435435 184184 262290 259273 416418 303303 240254 142148 150156 142144 223225 182184 241247 155163 
21042_CAPL, 149149 121124 198204 139145 224227 431435 184184 292304 255263 418422 295303 240256 138154 148154 138138 223225 184184 243245 159159 
21043_CAPL, 149149 124127 204207 139142 224224 427439 184184 266266 259271 418418 303303 230248 136152 148154 142144 223223 182184 241245 155155 
21044_CAPL, 149149 124127 198204 139145 224224 439447 184184 280288 275275 418420 299303 228230 140140 150154 138144 225225 182184 241245 159165 
21045_CAPL, 149152 124133 201204 139145 218227 415431 184184 274296 263269 418420 303307 236238 136154 150154 140142 223231 184184 245247 145155 
21046_CAPL, 146149 121124 201204 139145 224227 427427 178184 270294 261267 418418 303303 224232 148152 148148 140142 223223 182182 241247 157159 
21047_CAPL, 149152 124124 198204 139139 224224 435443 184184 266280 271273 418418 299307 220222 138158 148154 142142 225233 184184 241245 155155 
21048_CAPL, 149149 124124 201204 139145 224224 423427 184190 262280 261261 418418 303303 236240 138154 148154 140142 225229 182184 243245 155159 
21049_CAPL, 149149 124127 204204 139145 224224 435439 184184 264290 259281 418418 303305 228228 142152 150154 138140 225231 182184 245245 155161 
21050_CAPL, 149149 127130 204210 139139 224227 427431 184184 262290 259269 416418 299305 226232 142172 150154 142148 225231 182184 241245 155155 
21051_CAPL, 149149 124124 198204 145148 224224 423431 184184 284292 265285 416418 303303 228234 136138 150154 142144 223231 184184 241245 155155 
21052_CAPL, 149149 124127 204210 139145 224224 419427 184184 286298 263263 418420 299303 228232 136162 150152 138142 223223 182182 241243 157163 
21053_CAPL, 149149 124124 204210 139139 224224 415451 184184 262290 255259 418418 303303 226240 136154 154156 130142 223225 182184 245247 155159 
21054_CAPL, 149149 124127 204204 139145 227227 431435 184184 274294 265273 416418 303305 230250 136162 150150 138138 223225 182184 241247 155159 
21055_CAPL, 143149 124124 198204 139145 224224 423427 184184 262288 271271 410418 301307 230238 158164 150154 142146 223235 176182 241245 161163 
21056_CAPL, 149149 124127 201204 139145 224224 431439 184184 262272 259261 418422 303303 226230 138152 148154 140142 223231 180184 241243 155155 
21057_CAPL, 149149 124124 204204 139139 224224 431435 184184 262266 255259 418418 299303 234242 138152 148154 140142 223223 176176 241245 155159 
21058_CAPL, 149149 121124 204204 139139 224227 423423 178184 262270 255259 416418 303303 224228 150150 152154 138144 225225 182184 241241 155159 
21059_CAPL, 143149 124124 204204 139142 224227 415427 184184 262284 255261 416418 295303 222226 140146 150154 134142 223223 182184 241247 155159 
21060_CAPL, 149149 124124 198213 145145 224227 419423 184184 274286 259275 418418 303303 216250 136140 150150 138138 225231 182184 245247 155161 
21061_CAPL, 149149 124124 204204 139142 224224 419427 184184 262284 271271 418420 299303 224258 140156 150154 144144 223231 182184 245249 159161 
21062_CAPL, 143149 124127 204210 145145 224224 419427 184184 266270 259293 416418 303305 218224 136170 150150 138142 223223 182182 241241 159163 
21063_CAPL, 149149 124127 198204 139145 224224 431439 184184 264264 255259 412420 303305 230244 140162 150152 138142 223233 182184 245245 157157 
21064_CAPL, 149149 124124 204210 139145 224224 431435 184184 280296 263275 416418 303303 222254 138150 148154 138144 225231 182184 245245 155161 
21065_CAPL, 149149 124124 204204 139142 224224 423435 184184 278294 277279 418420 303303 218260 140168 150150 142142 225225 176182 241247 155155 
21066_CAPL, 143149 124124 198201 139145 224224 415447 184190 262290 273275 416418 295295 222244 140160 152154 134138 223223 184184 241247 155163 
21067_CAPL, 149149 124127 204204 139139 227227 423435 184184 266296 271277 416418 303303 228236 140146 150150 138142 219223 178184 241247 155159 
21068_CAPL, 149149 124127 201204 139139 218224 423451 184184 266272 263263 418420 303307 224246 138160 150154 142144 223225 184184 245245 145155 
21069_CAPL, 149149 124127 204204 139139 224227 423435 184184 264296 269275 418418 303305 222228 160160 150150 142142 225225 182182 241245 155157 
21070_CAPL, 149155 124127 201204 139148 224224 423423 184184 284294 275279 418418 299303 218226 140152 150150 142142 223231 184184 241243 155163 
21071_CAPL, 149152 124130 198204 139145 227227 423439 184184 280292 261275 416418 303305 228242 142152 150150 138142 223235 182184 241247 155161 
21072_CAPL, 149149 124136 198204 139139 227227 419435 184184 268280 259263 416418 303303 216230 136150 150150 138140 223223 176180 241241 159161 
21073_CAPL, 149149 124124 204204 139139 224224 419435 184190 266274 259267 416418 303303 224232 138138 150150 140142 223225 182184 241241 155161 
21074_CAPL, 149149 124124 198204 139145 224224 423443 184184 274294 271281 418418 303303 216228 140146 150154 142142 225225 176178 241247 155161 
21075_CAPL, 149149 124124 198204 139145 224224 415419 184184 266276 259273 418418 299303 230232 152162 148152 136142 223225 182184 241245 159159 
21076_CAPL, 149152 124124 204204 139139 224224 419427 184184 266272 269271 414418 303303 224228 138140 154154 142142 223229 184184 245245 155155 
21077_CAPL, 149149 124130 204204 139139 224224 419439 184190 266290 259263 418418 303303 228236 140140 150154 140144 223225 178184 241247 157159 
21081_CAPL, 149152 124127 198204 139142 224224 415435 184184 278280 259263 418420 303305 228234 134152 150154 138142 223223 184184 243247 155165 
21082_CAPL, 149149 124124 204204 139139 224224 419427 184184 266274 271275 416418 295303 216232 154160 152154 138142 223225 176182 241241 159159 
21083_CAPL, 149149 124127 204210 139139 224224 427435 184184 272294 255275 414418 295303 218232 148160 152154 138138 223223 182184 245247 155155 
21084_CAPL, 149149 124124 204210 139145 224224 431435 184184 270276 259263 416416 299303 218232 136142 150150 138144 223225 182184 241241 155159 
21085_CAPL, 149149 124127 204210 139142 224224 423447 184184 284288 265265 418420 295303 230256 138162 148150 138144 223233 184184 241241 155163 
21086_CAPL, 149149 124124 198204 139145 224224 435435 178184 270272 255271 418420 301301 222230 150154 154154 140140 223231 182184 247249 145159 
21087_CAPL, 146149 124127 204204 139145 218224 435439 184184 270280 263271 416418 299299 234242 152152 148150 142144 231233 184184 241247 155155 
21088_CAPL, 149149 124124 204204 139145 224227 419435 184190 266278 271271 418418 295303 228230 140160 150150 140140 223233 182182 245245 159159 
21089_CAPL, 149149 124127 204204 139145 224224 423435 184184 280282 259281 418418 303303 216218 136140 154156 142142 223231 182184 241245 155155 
21090_CAPL, 149149 124124 204204 145145 224224 419435 178184 256284 281283 418418 303303 222236 136172 154154 140146 223231 182184 241241 155159 
21091_CAPL, 143149 124127 201204 139142 224224 419427 184184 270288 263277 416418 299303 218228 142162 150154 136146 223223 182182 247247 155155 
21092_CAPL, 149149 124127 201204 139139 224224 423423 184184 272290 269281 418420 303303 228228 136162 150154 138140 223223 182182 241241 155159 
21093_CAPL, 149149 124124 198204 139139 224224 415423 184184 256270 259269 418424 301305 226228 138140 148154 140144 223225 184184 241247 155159 
21094_CAPL, 149149 124127 204204 139139 224227 431443 184190 270296 273285 416420 303303 228256 142162 150152 138142 223223 184184 241245 155159 
21095_CAPL, 149152 124124 198204 142145 224227 427451 184184 262284 259263 418418 301303 218218 138142 154156 138142 225225 182184 245245 155159 
21096_CAPL, 143149 124124 204204 139139 224224 427427 184184 262272 259259 418420 303307 218260 146158 154154 142146 223225 182184 241249 145159 
21097_CAPL, 149149 124124 204204 139145 224227 431431 184190 266284 255273 418418 303303 224228 140148 148154 138142 225233 182184 241247 155163 
21098_CAPL, 149149 118124 204210 142145 224224 419423 184184 262278 255263 418420 303303 226238 136162 150154 136140 225225 176176 241241 157163 
21099_CAPL, 149149 124133 204210 139142 224224 423451 184184 284296 259273 418418 303303 228234 136152 154156 138142 223225 178184 241247 159169 
21100_CAPL, 149149 124127 198198 142145 224227 435439 184184 256282 271275 416418 299303 226236 142146 148150 138142 229231 182182 241241 155155 
21101_CAPL, 149149 124127 198204 139145 224224 427435 184184 256262 259277 418418 303303 226242 168172 150154 140144 223225 182184 245247 155163 
21102_CAPL, 149149 124124 207210 139145 224224 419431 184184 000000 269273 418418 303303 222240 138154 154154 142144 223223 180184 241241 155159 
21103_CAPL, 149149 124124 204204 139145 224227 431451 184184 290294 259271 418418 303303 224224 162162 150154 138138 223231 178184 245245 163165 
21104_CAPL, 149149 124124 198204 139139 224224 435435 184184 266294 263273 418420 303303 234242 146172 150154 142144 223223 184184 239245 163169 
21105_CAPL, 149149 124139 204204 139142 224224 419435 184184 274278 275277 418418 299307 226228 140146 154156 142142 223235 184184 241241 155161 
21106_CAPL, 149152 124127 198198 139145 224224 431435 184184 264266 263271 418418 303309 226228 138166 150154 142142 227231 182184 241247 155159 
21107_CAPL, 149149 124124 204204 139139 224224 419431 178184 264282 259265 418420 299303 228228 138146 154154 138140 223237 182184 241245 155159 
21108_CAPL, 149149 124127 204204 142145 224224 419423 184184 282284 259259 418418 303303 216220 144170 150154 138142 223223 182182 247247 145159 
21109_CAPL, 149149 124124 204210 139139 224227 427435 184190 274280 261265 416420 303303 226250 154168 148150 144144 225225 184184 241245 155159 
21110_CAPL, 143152 124127 198204 139139 224227 431439 184184 262264 273275 416420 299303 222246 148160 148150 138140 223225 182184 241243 155155 
21111_CAPL, 149149 124127 198204 139145 224227 423427 184184 288292 265271 418420 303303 234250 146162 152154 138138 223225 182182 243245 155155 
21112_CAPL, 140149 124124 198204 139139 224224 427443 175184 256270 261269 416418 299303 226228 158172 148154 138142 223225 182184 241241 155159 
21113_CAPL, 149149 124124 198204 139145 224224 431431 184184 264270 255271 418420 303303 222228 138140 152154 138140 223223 182184 241247 155159 
21114_CAPL, 149149 124124 204207 139145 224224 431447 184184 288292 271275 418418 303303 228228 144152 148150 142142 223225 176184 241249 155165 
21115_CAPL, 149149 124124 204204 139145 224224 419423 184184 264280 259265 416422 303305 222230 140150 150150 142144 223225 184184 241241 155159 
21116_CAPL, 149149 124124 198204 142145 224224 427435 184190 262280 263263 418420 303303 226226 160160 148150 140144 223225 182184 241245 155161 
21117_CAPL, 149149 124130 198204 139139 224224 427431 184184 266272 273277 418418 303307 232252 148156 150150 138138 223229 182184 243245 159159 
21118_CAPL, 149149 124124 201204 139139 224224 427431 184184 262264 259261 416418 303303 218222 156160 150154 138142 223223 176182 241247 155159 
21119_CAPL, 149149 124127 198198 142145 224227 431435 184184 262270 255263 418420 299303 226228 162162 148152 140140 223223 182184 241241 159159 
21120_CAPL, 149149 124124 198204 139145 224224 423435 184184 262280 259261 418418 303307 226240 152162 148148 138142 223227 182182 241243 155159 
21121_CAPL, 140149 127127 204210 139142 218224 423431 184184 282284 269285 418420 303305 216232 136158 150154 138142 223225 176184 243247 155155 
21122_CAPL, 140149 124130 204204 139139 224224 431435 184184 262266 263277 418420 295299 232232 148168 148154 138142 223225 182184 245245 155157 
21123_CAPL, 146149 127127 198204 139139 224224 431447 184190 276290 259263 418418 299307 218252 150152 150152 138142 225231 182182 241245 159159 
21124_CAPL, 149149 124127 198204 139142 224224 431435 184184 262262 263271 416418 303303 226230 138160 154156 138144 223225 182184 241245 159159 
21125_CAPL, 149149 124127 198207 139139 224224 415419 184184 278280 267273 418420 299303 228244 136154 148152 142144 223225 176182 241245 155155 
21126_CAPL, 149149 124127 204210 139139 224224 415423 184184 264282 261285 416418 303303 226232 148168 148154 138140 223223 176182 241245 157159 
21127_CAPL, 149149 124136 204204 139145 224224 423443 184184 278284 259275 418418 303303 218228 160168 150154 140142 223233 182184 241245 155159 
21128_CAPL, 149149 124124 204210 139139 224224 431431 184184 274284 259281 416418 299303 232240 140156 148150 142142 225231 182182 245247 155163 
21129_CAPL, 149149 124127 198204 145145 224224 423439 184184 280292 255277 416418 303305 226226 140158 154154 142144 223233 182182 247247 161169 
21130_CAPL, 143149 124130 201204 139139 224224 431435 184184 256280 255265 416418 303303 218232 154160 154154 138142 223229 182184 241249 155155 
21131_CAPL, 149149 124124 204204 139145 224224 423435 178184 266290 259271 418418 303305 230232 148162 150154 142144 223225 182182 243245 155159 
21132_CAPL, 149149 127127 204204 139139 224224 439443 184184 286294 261271 416418 301303 226242 136170 150154 138142 225233 182184 245245 157163 
21133_CAPL, 149149 121124 204207 139145 224230 431435 184184 270280 263263 418420 295303 228256 140150 154156 138146 223233 178182 241241 161163 
21134_CAPL, 149149 124124 198204 139142 224224 415439 184184 264274 255277 416418 299303 218232 136150 150154 142142 223231 184184 245247 155163 
21135_CAPL, 149149 124124 198204 139139 224224 415451 184184 282290 259265 418418 295307 230238 160162 150154 142142 229231 182182 241241 155155 
21136_CAPL, 149149 124124 198198 139145 224224 431431 184184 266292 259279 412420 303303 220246 142182 154154 140142 223233 184184 241245 155163 
21137_CAPL, 149149 124124 204204 139139 224227 419423 184184 282288 269287 418420 303303 232236 138144 148150 136142 223225 182184 241247 155159 
21138_CAPL, 149149 124127 204210 139139 224224 423423 184184 278282 259271 416418 303303 224230 142146 150152 142142 223223 184184 241241 155155 
21139_CAPL, 149149 124124 204204 139145 224224 423431 184184 272286 271275 418418 303303 218224 138152 154154 142142 223225 182184 241245 155155 
21140_CAPL, 149149 124124 198210 142145 227227 427439 184184 274276 271273 418418 299303 216252 138160 148152 142142 223223 182182 241241 155155 
21141_CAPL, 143149 124124 204204 139142 224224 435447 184184 272288 261271 414420 305307 234246 138140 150152 138142 223223 182184 241245 155169 
21142_CAPL, 149149 124127 201204 139139 224224 423443 184184 284288 255285 416418 299303 226226 136154 150154 140140 223231 182184 241245 155155 
21143_CAPL, 149149 124124 201204 145145 224224 419439 184184 264270 259263 416420 303303 242260 142162 150154 138142 223223 184184 241245 155159 
21144_CAPL, 149149 124124 204204 139145 224224 419431 184190 282284 261265 416418 299305 232242 142160 148150 138140 225231 182184 241245 155169 
21145_CAPL, 149149 118124 201204 139139 224230 431435 184184 264280 255267 418418 303303 234234 138162 150154 142142 225225 182186 241241 155165 
21146_CAPL, 149149 124127 204204 139139 224224 431439 184184 292300 271273 418418 303303 226226 140152 150152 142142 223231 184184 243247 155161 
21147_CAPL, 149149 124124 198198 139142 224224 423431 184184 282288 263273 418426 303303 232232 140150 150156 138138 223225 182184 241245 155155 
21148_CAPL, 149149 124124 204204 145145 224227 423427 184184 270270 255259 418418 299303 216226 152156 148150 140144 223231 176182 245247 155159 
21149_CAPL, 149149 124124 204204 139142 224224 415419 178184 264288 259271 418418 303303 226232 142162 150154 140142 223223 182182 241245 159159 
21150_CAPL, 149149 124124 204204 139142 218224 423431 184184 264280 255265 418420 303303 220228 138150 150152 138142 223223 184184 241241 155159 
21151_CAPL, 143149 124130 204204 139139 215224 431431 178184 280282 259313 418418 303303 216238 138160 148150 138142 223229 182182 245247 155161 
21152_CAPL, 149149 124124 198204 139139 224224 423423 184184 270296 271273 418418 305305 218228 136136 148150 140142 223225 182184 241241 155159 
21153_CAPL, 149149 124127 201204 139139 224224 427431 184184 266292 255259 418418 299303 216228 160172 154154 144144 225225 182184 241245 155155 
21154_CAPL, 149149 124124 198204 139145 224224 419435 184184 266294 255277 416418 303303 226230 138162 148152 140140 223223 184184 245249 159159 
21155_CAPL, 149149 127130 204204 139139 224224 431447 184184 272282 259273 418418 303303 232260 136164 150154 140142 223233 184184 241243 145155 
21156_CAPL, 149149 124124 204204 142145 224224 419419 184184 270280 263277 418424 299303 230260 140150 148154 140144 223223 178184 241243 155163 
21157_CAPL, 149149 124124 198204 139145 224224 427431 184190 262264 255273 418418 303305 216218 154162 154156 138142 231235 178184 241243 145159 
21158_CAPL, 149149 124124 204204 139142 224224 431435 184184 266282 259261 418418 303303 220232 138144 150154 138140 223223 180184 241243 155155 
21159_CAPL, 143149 124124 201204 139145 224224 423435 184184 284290 255273 418418 295303 226228 136144 154154 140142 219231 182182 241245 145155 
21160_CAPL, 149149 124124 198204 139139 218224 431435 184184 270286 259275 418418 303305 218226 142154 154156 138142 223223 184184 241241 169169 
21161_CAPL, 149149 124124 201204 139139 224224 435435 184184 264278 271273 418418 303307 222226 160168 148152 140142 223223 182184 243245 161165 
21162_CAPL, 149149 124124 198204 139145 224224 423423 184184 282292 265265 414418 303303 218228 140166 150152 140142 223231 176184 241241 155155 
21163_CAPL, 143149 124124 204204 139145 224224 431439 184190 272278 263271 418420 299303 236240 134136 150154 138144 223233 182184 241241 163165 
21164_CAPL, 146149 124124 204204 139145 224227 423423 184184 266286 261271 418418 303305 218228 136142 148150 138142 223225 182182 241247 159159 
21165_CAPL, 149149 124127 198204 139139 224227 415427 184190 262280 255267 416418 299303 228228 140150 150154 142144 223225 182182 245247 155163 
21166_CAPL, 149152 124124 204204 139145 224224 431439 184184 272276 261261 418418 295303 216234 162162 148154 142142 223223 182184 241241 159165 
21167_CAPL, 149149 124127 204204 145145 224224 431447 184190 262262 259275 416418 303303 228248 136164 148150 142144 223225 182184 245245 155155 
21168_CAPL, 149149 124124 204204 145145 224224 415423 178184 282292 259271 418418 303303 220228 158164 150154 140142 223223 182184 245247 155161 
21169_CAPL, 149149 124127 201204 142145 224224 431443 184184 256290 259273 416420 303303 232244 156162 150154 140142 225235 182184 243245 155163 
21170_CAPL, 149149 124124 198204 139139 224224 431435 184184 292292 259271 418418 295303 224226 136172 150152 142142 231231 182184 241245 155155 
21171_CAPL, 149152 124124 204204 139142 224224 419431 184184 262302 259271 418418 303303 228234 140168 154154 138142 223223 184184 241245 159159 
21172_CAPL, 149149 124124 198204 133145 224227 427435 184184 274296 259271 418420 303303 220240 142162 148150 138142 223233 182182 241245 157159 
21173_CAPL, 143149 124127 204204 139139 224227 423443 184184 256272 267271 418420 303303 216240 140162 150152 142142 223225 176182 243245 155159 
21306_CAPL, 143149 124127 204207 139145 224224 423423 184184 270274 271271 416420 299303 236250 136136 152154 140140 225231 182182 235245 155159 
21307_CAPL, 149149 124124 198204 139139 224227 431435 184190 274276 263271 418418 303303 230238 138146 150156 138142 223231 182184 239241 159163 
21308_CAPL, 143149 124124 198204 139145 224224 419427 184184 270280 259271 416418 303305 222226 138140 154156 140142 223229 176182 241247 155155 
21309_CAPL, 149149 127127 204204 139139 224224 427427 184184 272278 263275 418418 303303 216218 140144 148154 138142 223223 182184 243245 157159 
21310_CAPL, 149149 124127 198204 139142 224224 423423 184190 286288 263271 418418 303303 228242 146160 148154 140142 223225 182182 245247 155159 
21312_CAPL, 149149 124124 198204 139145 224224 427431 184184 262284 255271 418420 303305 226234 148162 154154 138144 223223 182184 241245 163169 
21314_CAPL, 149149 124124 204204 139139 224224 423439 184184 270270 265271 416418 299303 216230 138140 148150 142144 223223 178182 243245 155159 
21315_CAPL, 149149 124124 204204 145145 224224 415423 184184 266288 263301 416420 303303 216232 140168 150154 140144 223225 182182 241245 155159 
21316_CAPL, 149149 124127 201204 139139 224224 431443 184184 270276 271273 418418 299303 228246 138140 150154 140142 223223 178184 241245 155155 
21317_CAPL, 149149 124124 198201 145145 224224 419427 184190 288290 255261 418420 299303 226228 136166 152154 138138 225225 182186 247249 155155 
21318_CAPL, 149149 124124 198204 139145 224224 423431 178184 272274 263271 418418 295303 216238 154156 148154 144144 223231 182184 241245 155165 
21319_CAPL, 149149 124124 198198 139139 224224 427431 184184 264272 253283 416420 303305 230236 154162 150154 138142 223223 182184 241247 155155 
